metric: boundary
precision: 0.4630755864465682
recall: 0.8687856560717196
fscore: 0.604137149334089
