metric: token
precision: 0.13026348190100961
recall: 0.2662304982385506
fscore: 0.17493386243386244
metric: type
precision: 0.17543859649122806
recall: 0.19081272084805653
fscore: 0.1828029790115098
